level_0;index;Time;Latitude;Longitude;Height;Pm1.0;Pm2.5;Pm10;HCHO;Temperature;RH;aX;aY;"aZ
"
0;True;2021-12-21 11:04:26;51.128784;17.045105;133.6;9.0;14.619934552492408;22.053298579965272;0.0;17.9;30.0;3.7301699999999998;3.4763800000000002;8.882489999999999
1;;2021-12-21 11:04:26;;;;;;;;;;3.7301699999999998;3.47159;8.89207
2;;2021-12-21 11:04:26.040000;;;;;;;;;;3.7301699999999998;3.4811699999999997;8.882489999999999
3;;2021-12-21 11:04:26.080000;;;;;;;;;;3.7301699999999998;3.4811699999999997;8.872910000000001
4;;2021-12-21 11:04:26.120000;;;;;;;;;;3.7301699999999998;3.49075;8.882489999999999
5;;2021-12-21 11:04:26.160000;;;;;;;;;;3.7253800000000004;3.4811699999999997;8.882489999999999
6;;2021-12-21 11:04:26.200000;;;;;;;;;;3.7301699999999998;3.4811699999999997;8.89207
7;;2021-12-21 11:04:26.240000;;;;;;;;;;3.7301699999999998;3.4811699999999997;8.8777
8;;2021-12-21 11:04:26.280000;;;;;;;;;;3.73495;3.4811699999999997;8.882489999999999
9;;2021-12-21 11:04:26.320000;;;;;;;;;;3.7397400000000003;3.4763800000000002;8.88728
10;;2021-12-21 11:04:26.360000;;;;;;;;;;3.7397400000000003;3.4763800000000002;8.88728
11;;2021-12-21 11:04:26.400000;;;;;;;;;;3.73495;3.4811699999999997;8.89207
12;;2021-12-21 11:04:26.440000;;;;;;;;;;3.7397400000000003;3.4811699999999997;8.901639999999999
13;;2021-12-21 11:04:26.480000;;;;;;;;;;3.73495;3.48596;8.901639999999999
14;;2021-12-21 11:04:26.520000;;;;;;;;;;3.73495;3.49075;8.88728
15;;2021-12-21 11:04:26.560000;;;;;;;;;;3.7301699999999998;3.4955300000000005;8.88728
16;;2021-12-21 11:04:26.600000;;;;;;;;;;3.73495;3.48596;8.88728
17;;2021-12-21 11:04:26.640000;;;;;;;;;;3.7397400000000003;3.49075;8.89207
18;;2021-12-21 11:04:26.680000;;;;;;;;;;3.73495;3.49075;8.882489999999999
19;;2021-12-21 11:04:26.720000;;;;;;;;;;3.73495;3.49075;8.8777
20;;2021-12-21 11:04:26.760000;;;;;;;;;;3.7301699999999998;3.48596;8.882489999999999
21;;2021-12-21 11:04:26.800000;;;;;;;;;;3.73495;3.49075;8.872910000000001
22;;2021-12-21 11:04:26.840000;;;;;;;;;;3.73495;3.4811699999999997;8.86812
23;;2021-12-21 11:04:26.880000;;;;;;;;;;3.7253800000000004;3.48596;8.8777
24;;2021-12-21 11:04:26.920000;;;;;;;;;;3.7253800000000004;3.48596;8.872910000000001
25;;2021-12-21 11:04:26.960000;;;;;;;;;;3.7301699999999998;3.48596;8.882489999999999
26;True;2021-12-21 11:04:27;51.128807;17.045092;138.3;9.0;14.628170628921257;22.061465446248487;0.0;17.9;29.9;3.73495;3.48596;8.86812
27;;2021-12-21 11:04:27;;;;;;;;;;3.7397400000000003;3.49075;8.86812
28;;2021-12-21 11:04:27.040000;;;;;;;;;;3.7397400000000003;3.48596;8.872910000000001
29;;2021-12-21 11:04:27.080000;;;;;;;;;;3.7397400000000003;3.49075;8.872910000000001
30;;2021-12-21 11:04:27.120000;;;;;;;;;;3.73495;3.49075;8.8777
31;;2021-12-21 11:04:27.160000;;;;;;;;;;3.7397400000000003;3.49075;8.89207
32;;2021-12-21 11:04:27.200000;;;;;;;;;;3.7493199999999995;3.48596;8.89207
33;;2021-12-21 11:04:27.240000;;;;;;;;;;3.74453;3.48596;8.882489999999999
34;;2021-12-21 11:04:27.280000;;;;;;;;;;3.7397400000000003;3.48596;8.8777
35;;2021-12-21 11:04:27.320000;;;;;;;;;;3.73495;3.48596;8.8777
36;;2021-12-21 11:04:27.360000;;;;;;;;;;3.73495;3.48596;8.882489999999999
37;;2021-12-21 11:04:27.400000;;;;;;;;;;3.73495;3.48596;8.882489999999999
38;;2021-12-21 11:04:27.440000;;;;;;;;;;3.7301699999999998;3.48596;8.8777
39;;2021-12-21 11:04:27.480000;;;;;;;;;;3.73495;3.48596;8.882489999999999
40;;2021-12-21 11:04:27.520000;;;;;;;;;;3.7397400000000003;3.48596;8.88728
41;;2021-12-21 11:04:27.560000;;;;;;;;;;3.7397400000000003;3.4811699999999997;8.86812
42;;2021-12-21 11:04:27.600000;;;;;;;;;;3.7397400000000003;3.48596;8.882489999999999
43;;2021-12-21 11:04:27.640000;;;;;;;;;;3.7397400000000003;3.4811699999999997;8.86812
44;;2021-12-21 11:04:27.680000;;;;;;;;;;3.7397400000000003;3.4763800000000002;8.872910000000001
45;;2021-12-21 11:04:27.720000;;;;;;;;;;3.7397400000000003;3.4811699999999997;8.8777
46;;2021-12-21 11:04:27.760000;;;;;;;;;;3.7397400000000003;3.48596;8.8777
47;;2021-12-21 11:04:27.800000;;;;;;;;;;3.74453;3.4811699999999997;8.872910000000001
48;;2021-12-21 11:04:27.840000;;;;;;;;;;3.74453;3.4811699999999997;8.8777
49;;2021-12-21 11:04:27.880000;;;;;;;;;;3.7397400000000003;3.4763800000000002;8.8777
50;;2021-12-21 11:04:27.920000;;;;;;;;;;3.73495;3.4811699999999997;8.8777
51;;2021-12-21 11:04:27.960000;;;;;;;;;;3.7397400000000003;3.4763800000000002;8.872910000000001
52;True;2021-12-21 11:04:28;51.128813;17.045092;138.8;9.0;13.7216151614003;20.690230556616036;0.0;17.9;29.8;3.7397400000000003;3.4763800000000002;8.8777
53;;2021-12-21 11:04:28;;;;;;;;;;3.74453;3.4763800000000002;8.86812
54;;2021-12-21 11:04:28.040000;;;;;;;;;;3.7397400000000003;3.4763800000000002;8.8777
55;;2021-12-21 11:04:28.080000;;;;;;;;;;3.73495;3.4763800000000002;8.8777
56;;2021-12-21 11:04:28.120000;;;;;;;;;;3.73495;3.4811699999999997;8.882489999999999
57;;2021-12-21 11:04:28.160000;;;;;;;;;;3.73495;3.4811699999999997;8.88728
58;;2021-12-21 11:04:28.200000;;;;;;;;;;3.7253800000000004;3.48596;8.88728
59;;2021-12-21 11:04:28.240000;;;;;;;;;;3.7301699999999998;3.4763800000000002;8.8777
60;;2021-12-21 11:04:28.280000;;;;;;;;;;3.73495;3.48596;8.872910000000001
61;;2021-12-21 11:04:28.320000;;;;;;;;;;3.7301699999999998;3.48596;8.882489999999999
62;;2021-12-21 11:04:28.360000;;;;;;;;;;3.7301699999999998;3.48596;8.872910000000001
63;;2021-12-21 11:04:28.400000;;;;;;;;;;3.73495;3.4763800000000002;8.8777
64;;2021-12-21 11:04:28.440000;;;;;;;;;;3.73495;3.47159;8.882489999999999
65;;2021-12-21 11:04:28.480000;;;;;;;;;;3.73495;3.47159;8.882489999999999
66;;2021-12-21 11:04:28.520000;;;;;;;;;;3.7397400000000003;3.4763800000000002;8.86812
67;;2021-12-21 11:04:28.560000;;;;;;;;;;3.74453;3.47159;8.86812
68;;2021-12-21 11:04:28.600000;;;;;;;;;;3.74453;3.47159;8.872910000000001
69;;2021-12-21 11:04:28.640000;;;;;;;;;;3.7397400000000003;3.4763800000000002;8.8777
70;;2021-12-21 11:04:28.680000;;;;;;;;;;3.73495;3.4763800000000002;8.8777
71;;2021-12-21 11:04:28.720000;;;;;;;;;;3.7301699999999998;3.47159;8.86812
72;;2021-12-21 11:04:28.760000;;;;;;;;;;3.7301699999999998;3.47159;8.872910000000001
73;;2021-12-21 11:04:28.800000;;;;;;;;;;3.7253800000000004;3.4763800000000002;8.882489999999999
74;;2021-12-21 11:04:28.840000;;;;;;;;;;3.7253800000000004;3.4763800000000002;8.88728
75;;2021-12-21 11:04:28.880000;;;;;;;;;;3.7253800000000004;3.4763800000000002;8.88728
76;;2021-12-21 11:04:28.920000;;;;;;;;;;3.7301699999999998;3.4763800000000002;8.882489999999999
77;;2021-12-21 11:04:28.960000;;;;;;;;;;3.73495;3.4763800000000002;8.882489999999999
78;True;2021-12-21 11:04:29;51.128821;17.045088;138.7;9.0;16.475164993274422;24.837345146094087;0.0;17.9;29.7;3.7301699999999998;3.48596;8.8777
79;;2021-12-21 11:04:29;;;;;;;;;;3.7301699999999998;3.4811699999999997;8.882489999999999
80;;2021-12-21 11:04:29.040000;;;;;;;;;;3.7253800000000004;3.4811699999999997;8.882489999999999
81;;2021-12-21 11:04:29.080000;;;;;;;;;;3.7301699999999998;3.48596;8.872910000000001
82;;2021-12-21 11:04:29.120000;;;;;;;;;;3.7301699999999998;3.48596;8.882489999999999
83;;2021-12-21 11:04:29.160000;;;;;;;;;;3.73495;3.4811699999999997;8.89207
84;;2021-12-21 11:04:29.200000;;;;;;;;;;3.73495;3.4811699999999997;8.88728
85;;2021-12-21 11:04:29.240000;;;;;;;;;;3.7397400000000003;3.4811699999999997;8.8777
86;;2021-12-21 11:04:29.280000;;;;;;;;;;3.7397400000000003;3.4811699999999997;8.8777
87;;2021-12-21 11:04:29.320000;;;;;;;;;;3.7397400000000003;3.4763800000000002;8.8777
88;;2021-12-21 11:04:29.360000;;;;;;;;;;3.73495;3.4763800000000002;8.8777
89;;2021-12-21 11:04:29.400000;;;;;;;;;;3.7301699999999998;3.4763800000000002;8.8777
90;;2021-12-21 11:04:29.440000;;;;;;;;;;3.7301699999999998;3.4763800000000002;8.88728
91;;2021-12-21 11:04:29.480000;;;;;;;;;;3.7397400000000003;3.4763800000000002;8.8777
92;;2021-12-21 11:04:29.520000;;;;;;;;;;3.7397400000000003;3.4763800000000002;8.882489999999999
93;;2021-12-21 11:04:29.560000;;;;;;;;;;3.7397400000000003;3.4763800000000002;8.872910000000001
94;;2021-12-21 11:04:29.600000;;;;;;;;;;3.7397400000000003;3.4763800000000002;8.86812
95;;2021-12-21 11:04:29.640000;;;;;;;;;;3.73495;3.48596;8.86812
96;;2021-12-21 11:04:29.680000;;;;;;;;;;3.7397400000000003;3.48596;8.86812
97;;2021-12-21 11:04:29.720000;;;;;;;;;;3.73495;3.49075;8.882489999999999
98;;2021-12-21 11:04:29.760000;;;;;;;;;;3.7301699999999998;3.48596;8.88728
99;;2021-12-21 11:04:29.800000;;;;;;;;;;3.73495;3.48596;8.89207
100;;2021-12-21 11:04:29.840000;;;;;;;;;;3.7301699999999998;3.4811699999999997;8.88728
101;;2021-12-21 11:04:29.880000;;;;;;;;;;3.7301699999999998;3.48596;8.89207
102;;2021-12-21 11:04:29.920000;;;;;;;;;;3.7301699999999998;3.48596;8.89207
103;;2021-12-21 11:04:29.960000;;;;;;;;;;3.7253800000000004;3.49075;8.89207
104;True;2021-12-21 11:04:30;51.128824;17.045085;139.4;9.0;16.484372269601607;24.846354183762966;0.0;17.9;29.6;3.7397400000000003;3.4811699999999997;8.8777
105;;2021-12-21 11:04:30;;;;;;;;;;3.7397400000000003;3.4763800000000002;8.882489999999999
106;;2021-12-21 11:04:30.040000;;;;;;;;;;3.73495;3.4763800000000002;8.8777
107;;2021-12-21 11:04:30.080000;;;;;;;;;;3.73495;3.4811699999999997;8.882489999999999
108;;2021-12-21 11:04:30.120000;;;;;;;;;;3.7397400000000003;3.48596;8.882489999999999
109;;2021-12-21 11:04:30.160000;;;;;;;;;;3.73495;3.48596;8.882489999999999
110;;2021-12-21 11:04:30.200000;;;;;;;;;;3.7301699999999998;3.49075;8.872910000000001
111;;2021-12-21 11:04:30.240000;;;;;;;;;;3.7301699999999998;3.4811699999999997;8.8777
112;;2021-12-21 11:04:30.280000;;;;;;;;;;3.73495;3.48596;8.872910000000001
113;;2021-12-21 11:04:30.320000;;;;;;;;;;3.73495;3.49075;8.872910000000001
114;;2021-12-21 11:04:30.360000;;;;;;;;;;3.7301699999999998;3.48596;8.872910000000001
115;;2021-12-21 11:04:30.400000;;;;;;;;;;3.73495;3.48596;8.872910000000001
116;;2021-12-21 11:04:30.440000;;;;;;;;;;3.73495;3.49075;8.882489999999999
117;;2021-12-21 11:04:30.480000;;;;;;;;;;3.73495;3.49075;8.8777
118;;2021-12-21 11:04:30.520000;;;;;;;;;;3.7301699999999998;3.48596;8.8777
119;;2021-12-21 11:04:30.560000;;;;;;;;;;3.7397400000000003;3.48596;8.882489999999999
120;;2021-12-21 11:04:30.600000;;;;;;;;;;3.7301699999999998;3.49075;8.8777
121;;2021-12-21 11:04:30.640000;;;;;;;;;;3.7253800000000004;3.48596;8.882489999999999
122;;2021-12-21 11:04:30.680000;;;;;;;;;;3.7253800000000004;3.4811699999999997;8.8777
123;;2021-12-21 11:04:30.720000;;;;;;;;;;3.7253800000000004;3.4763800000000002;8.8777
124;;2021-12-21 11:04:30.760000;;;;;;;;;;3.7253800000000004;3.4811699999999997;8.872910000000001
125;;2021-12-21 11:04:30.800000;;;;;;;;;;3.7253800000000004;3.48596;8.8777
126;;2021-12-21 11:04:30.840000;;;;;;;;;;3.7301699999999998;3.4811699999999997;8.8777
127;;2021-12-21 11:04:30.880000;;;;;;;;;;3.73495;3.4811699999999997;8.872910000000001
128;;2021-12-21 11:04:30.920000;;;;;;;;;;3.7301699999999998;3.4811699999999997;8.8777
129;;2021-12-21 11:04:30.960000;;;;;;;;;;3.7301699999999998;3.48596;8.872910000000001
130;True;2021-12-21 11:04:31;51.128828000000006;17.045082999999998;140.0;8.0;15.568573810179297;23.466001173553913;0.0;17.9;29.6;3.7301699999999998;3.4763800000000002;8.872910000000001
131;;2021-12-21 11:04:31;;;;;;;;;;3.7301699999999998;3.4763800000000002;8.8777
132;;2021-12-21 11:04:31.040000;;;;;;;;;;3.7253800000000004;3.4763800000000002;8.882489999999999
133;;2021-12-21 11:04:31.080000;;;;;;;;;;3.7253800000000004;3.4811699999999997;8.8777
134;;2021-12-21 11:04:31.120000;;;;;;;;;;3.7253800000000004;3.4811699999999997;8.8777
135;;2021-12-21 11:04:31.160000;;;;;;;;;;3.7301699999999998;3.4811699999999997;8.86333
136;;2021-12-21 11:04:31.200000;;;;;;;;;;3.73495;3.4811699999999997;8.8777
137;;2021-12-21 11:04:31.240000;;;;;;;;;;3.73495;3.48596;8.8777
138;;2021-12-21 11:04:31.280000;;;;;;;;;;3.73495;3.48596;8.882489999999999
139;;2021-12-21 11:04:31.320000;;;;;;;;;;3.73495;3.4811699999999997;8.882489999999999
140;;2021-12-21 11:04:31.360000;;;;;;;;;;3.7397400000000003;3.4811699999999997;8.8777
141;;2021-12-21 11:04:31.400000;;;;;;;;;;3.73495;3.4811699999999997;8.86812
142;;2021-12-21 11:04:31.440000;;;;;;;;;;3.7397400000000003;3.4811699999999997;8.872910000000001
143;;2021-12-21 11:04:31.480000;;;;;;;;;;3.73495;3.49075;8.8777
144;;2021-12-21 11:04:31.520000;;;;;;;;;;3.73495;3.48596;8.8777
145;;2021-12-21 11:04:31.560000;;;;;;;;;;3.73495;3.49075;8.88728
146;;2021-12-21 11:04:31.600000;;;;;;;;;;3.7301699999999998;3.49075;8.89207
147;;2021-12-21 11:04:31.640000;;;;;;;;;;3.73495;3.4955300000000005;8.89207
148;;2021-12-21 11:04:31.680000;;;;;;;;;;3.7397400000000003;3.4955300000000005;8.88728
149;;2021-12-21 11:04:31.720000;;;;;;;;;;3.73495;3.4955300000000005;8.89207
150;;2021-12-21 11:04:31.760000;;;;;;;;;;3.73495;3.4955300000000005;8.89207
151;;2021-12-21 11:04:31.800000;;;;;;;;;;3.73495;3.49075;8.88728
152;;2021-12-21 11:04:31.840000;;;;;;;;;;3.7397400000000003;3.48596;8.88728
153;;2021-12-21 11:04:31.880000;;;;;;;;;;3.73495;3.48596;8.8777
154;;2021-12-21 11:04:31.920000;;;;;;;;;;3.73495;3.4811699999999997;8.882489999999999
155;;2021-12-21 11:04:31.960000;;;;;;;;;;3.7301699999999998;3.4811699999999997;8.88728
156;True;2021-12-21 11:04:32;51.128825;17.045081;140.2;9.0;15.577251050610723;23.474453687651252;0.0;17.9;29.5;3.7301699999999998;3.48596;8.8777
157;;2021-12-21 11:04:32;;;;;;;;;;3.7253800000000004;3.48596;8.872910000000001
158;;2021-12-21 11:04:32.040000;;;;;;;;;;3.73495;3.4811699999999997;8.86812
159;;2021-12-21 11:04:32.080000;;;;;;;;;;3.7301699999999998;3.4811699999999997;8.872910000000001
160;;2021-12-21 11:04:32.120000;;;;;;;;;;3.7301699999999998;3.48596;8.872910000000001
161;;2021-12-21 11:04:32.160000;;;;;;;;;;3.7301699999999998;3.48596;8.872910000000001
162;;2021-12-21 11:04:32.200000;;;;;;;;;;3.7301699999999998;3.48596;8.86812
163;;2021-12-21 11:04:32.240000;;;;;;;;;;3.7301699999999998;3.48596;8.872910000000001
164;;2021-12-21 11:04:32.280000;;;;;;;;;;3.7253800000000004;3.4811699999999997;8.86333
165;;2021-12-21 11:04:32.320000;;;;;;;;;;3.7253800000000004;3.4811699999999997;8.86812
166;;2021-12-21 11:04:32.360000;;;;;;;;;;3.7301699999999998;3.4811699999999997;8.8777
167;;2021-12-21 11:04:32.400000;;;;;;;;;;3.73495;3.4811699999999997;8.872910000000001
168;;2021-12-21 11:04:32.440000;;;;;;;;;;3.7301699999999998;3.4763800000000002;8.872910000000001
169;;2021-12-21 11:04:32.480000;;;;;;;;;;3.7301699999999998;3.4763800000000002;8.88728
170;;2021-12-21 11:04:32.520000;;;;;;;;;;3.7301699999999998;3.4811699999999997;8.882489999999999
171;;2021-12-21 11:04:32.560000;;;;;;;;;;3.7253800000000004;3.48596;8.8777
172;;2021-12-21 11:04:32.600000;;;;;;;;;;3.73495;3.4811699999999997;8.872910000000001
173;;2021-12-21 11:04:32.640000;;;;;;;;;;3.73495;3.48596;8.8777
174;;2021-12-21 11:04:32.680000;;;;;;;;;;3.73495;3.48596;8.872910000000001
175;;2021-12-21 11:04:32.720000;;;;;;;;;;3.7301699999999998;3.48596;8.86812
176;;2021-12-21 11:04:32.760000;;;;;;;;;;3.7301699999999998;3.4811699999999997;8.872910000000001
177;;2021-12-21 11:04:32.800000;;;;;;;;;;3.73495;3.4763800000000002;8.872910000000001
178;;2021-12-21 11:04:32.840000;;;;;;;;;;3.73495;3.4811699999999997;8.8777
179;;2021-12-21 11:04:32.880000;;;;;;;;;;3.73495;3.4811699999999997;8.8777
180;;2021-12-21 11:04:32.920000;;;;;;;;;;3.73495;3.4811699999999997;8.88728
181;;2021-12-21 11:04:32.960000;;;;;;;;;;3.7301699999999998;3.47159;8.882489999999999
182;True;2021-12-21 11:04:33;51.128827;17.045073000000002;139.9;9.0;14.669091471616063;23.482850298302136;0.0;17.9;29.4;3.74453;3.4811699999999997;8.8777
183;;2021-12-21 11:04:33;;;;;;;;;;3.7397400000000003;3.4811699999999997;8.882489999999999
184;;2021-12-21 11:04:33.040000;;;;;;;;;;3.7397400000000003;3.4811699999999997;8.882489999999999
185;;2021-12-21 11:04:33.080000;;;;;;;;;;3.7397400000000003;3.4811699999999997;8.8777
186;;2021-12-21 11:04:33.120000;;;;;;;;;;3.7397400000000003;3.4811699999999997;8.8777
187;;2021-12-21 11:04:33.160000;;;;;;;;;;3.73495;3.48596;8.872910000000001
188;;2021-12-21 11:04:33.200000;;;;;;;;;;3.7397400000000003;3.49075;8.882489999999999
189;;2021-12-21 11:04:33.240000;;;;;;;;;;3.7397400000000003;3.49075;8.8777
190;;2021-12-21 11:04:33.280000;;;;;;;;;;3.7397400000000003;3.49075;8.8777
191;;2021-12-21 11:04:33.320000;;;;;;;;;;3.7397400000000003;3.49075;8.882489999999999
192;;2021-12-21 11:04:33.360000;;;;;;;;;;3.7397400000000003;3.48596;8.8777
193;;2021-12-21 11:04:33.400000;;;;;;;;;;3.7397400000000003;3.4811699999999997;8.882489999999999
194;;2021-12-21 11:04:33.440000;;;;;;;;;;3.7397400000000003;3.4811699999999997;8.872910000000001
195;;2021-12-21 11:04:33.480000;;;;;;;;;;3.73495;3.48596;8.882489999999999
196;;2021-12-21 11:04:33.520000;;;;;;;;;;3.73495;3.4763800000000002;8.89207
197;;2021-12-21 11:04:33.560000;;;;;;;;;;3.73495;3.4763800000000002;8.89685
198;;2021-12-21 11:04:33.600000;;;;;;;;;;3.74453;3.4811699999999997;8.88728
199;;2021-12-21 11:04:33.640000;;;;;;;;;;3.74453;3.4811699999999997;8.882489999999999
200;;2021-12-21 11:04:33.680000;;;;;;;;;;3.7397400000000003;3.4763800000000002;8.882489999999999
201;;2021-12-21 11:04:33.720000;;;;;;;;;;3.73495;3.4763800000000002;8.8777
202;;2021-12-21 11:04:33.760000;;;;;;;;;;3.73495;3.4811699999999997;8.882489999999999
203;;2021-12-21 11:04:33.800000;;;;;;;;;;3.7301699999999998;3.4811699999999997;8.88728
204;;2021-12-21 11:04:33.840000;;;;;;;;;;3.7301699999999998;3.4763800000000002;8.8777
205;;2021-12-21 11:04:33.880000;;;;;;;;;;3.73495;3.4763800000000002;8.872910000000001
206;;2021-12-21 11:04:33.920000;;;;;;;;;;3.7301699999999998;3.4811699999999997;8.86812
207;;2021-12-21 11:04:33.960000;;;;;;;;;;3.7253800000000004;3.48596;8.8777
208;True;2021-12-21 11:04:34;51.128828999999996;17.045071;139.8;9.0;14.677223192674221;22.109356352758645;0.0;17.9;29.3;3.7397400000000003;3.48596;8.8777
209;;2021-12-21 11:04:34;;;;;;;;;;3.7397400000000003;3.4763800000000002;8.8777
210;;2021-12-21 11:04:34.040000;;;;;;;;;;3.7397400000000003;3.4763800000000002;8.86812
211;;2021-12-21 11:04:34.080000;;;;;;;;;;3.73495;3.4763800000000002;8.8777
212;;2021-12-21 11:04:34.120000;;;;;;;;;;3.73495;3.4763800000000002;8.8777
213;;2021-12-21 11:04:34.160000;;;;;;;;;;3.7301699999999998;3.4811699999999997;8.88728
214;;2021-12-21 11:04:34.200000;;;;;;;;;;3.7301699999999998;3.4811699999999997;8.88728
215;;2021-12-21 11:04:34.240000;;;;;;;;;;3.7253800000000004;3.4763800000000002;8.88728
216;;2021-12-21 11:04:34.280000;;;;;;;;;;3.7301699999999998;3.48596;8.872910000000001
217;;2021-12-21 11:04:34.320000;;;;;;;;;;3.73495;3.4811699999999997;8.872910000000001
218;;2021-12-21 11:04:34.360000;;;;;;;;;;3.7301699999999998;3.4811699999999997;8.872910000000001
219;;2021-12-21 11:04:34.400000;;;;;;;;;;3.7301699999999998;3.4811699999999997;8.872910000000001
220;;2021-12-21 11:04:34.440000;;;;;;;;;;3.7253800000000004;3.4811699999999997;8.8777
221;;2021-12-21 11:04:34.480000;;;;;;;;;;3.73495;3.4811699999999997;8.8777
222;;2021-12-21 11:04:34.520000;;;;;;;;;;3.7301699999999998;3.4763800000000002;8.8777
223;;2021-12-21 11:04:34.560000;;;;;;;;;;3.73495;3.4763800000000002;8.872910000000001
224;;2021-12-21 11:04:34.600000;;;;;;;;;;3.73495;3.4811699999999997;8.86812
225;;2021-12-21 11:04:34.640000;;;;;;;;;;3.7301699999999998;3.48596;8.872910000000001
226;;2021-12-21 11:04:34.680000;;;;;;;;;;3.73495;3.48596;8.8777
227;;2021-12-21 11:04:34.720000;;;;;;;;;;3.73495;3.48596;8.882489999999999
228;;2021-12-21 11:04:34.760000;;;;;;;;;;3.7397400000000003;3.48596;8.882489999999999
229;;2021-12-21 11:04:34.800000;;;;;;;;;;3.73495;3.4811699999999997;8.88728
230;;2021-12-21 11:04:34.840000;;;;;;;;;;3.73495;3.4811699999999997;8.88728
231;;2021-12-21 11:04:34.880000;;;;;;;;;;3.7397400000000003;3.4811699999999997;8.882489999999999
232;;2021-12-21 11:04:34.920000;;;;;;;;;;3.7397400000000003;3.4763800000000002;8.8777
233;;2021-12-21 11:04:34.960000;;;;;;;;;;3.73495;3.4811699999999997;8.882489999999999
234;True;2021-12-21 11:04:35;51.128827;17.045071;139.5;10.0;15.603170829576898;24.88179842229415;0.0;17.9;29.2;3.7397400000000003;3.49075;8.8777
235;;2021-12-21 11:04:35;;;;;;;;;;3.74453;3.48596;8.8777
236;;2021-12-21 11:04:35.040000;;;;;;;;;;3.74453;3.4811699999999997;8.882489999999999
237;;2021-12-21 11:04:35.080000;;;;;;;;;;3.73495;3.4811699999999997;8.89207
238;;2021-12-21 11:04:35.120000;;;;;;;;;;3.7301699999999998;3.4763800000000002;8.89207
239;;2021-12-21 11:04:35.160000;;;;;;;;;;3.73495;3.47159;8.8777
240;;2021-12-21 11:04:35.200000;;;;;;;;;;3.73495;3.47159;8.86812
241;;2021-12-21 11:04:35.240000;;;;;;;;;;3.73495;3.4668;8.86812
242;;2021-12-21 11:04:35.280000;;;;;;;;;;3.74453;3.4763800000000002;8.872910000000001
243;;2021-12-21 11:04:35.320000;;;;;;;;;;3.74453;3.4811699999999997;8.86812
244;;2021-12-21 11:04:35.360000;;;;;;;;;;3.73495;3.4811699999999997;8.8777
245;;2021-12-21 11:04:35.400000;;;;;;;;;;3.73495;3.4811699999999997;8.882489999999999
246;;2021-12-21 11:04:35.440000;;;;;;;;;;3.7397400000000003;3.4811699999999997;8.8777
247;;2021-12-21 11:04:35.480000;;;;;;;;;;3.7301699999999998;3.48596;8.882489999999999
248;;2021-12-21 11:04:35.520000;;;;;;;;;;3.73495;3.48596;8.88728
249;;2021-12-21 11:04:35.560000;;;;;;;;;;3.7397400000000003;3.4763800000000002;8.882489999999999
250;;2021-12-21 11:04:35.600000;;;;;;;;;;3.73495;3.4811699999999997;8.8777
251;;2021-12-21 11:04:35.640000;;;;;;;;;;3.7301699999999998;3.4763800000000002;8.882489999999999
252;;2021-12-21 11:04:35.680000;;;;;;;;;;3.7301699999999998;3.4763800000000002;8.88728
253;;2021-12-21 11:04:35.720000;;;;;;;;;;3.7301699999999998;3.4811699999999997;8.882489999999999
254;;2021-12-21 11:04:35.760000;;;;;;;;;;3.7301699999999998;3.48596;8.8777
255;;2021-12-21 11:04:35.800000;;;;;;;;;;3.7301699999999998;3.48596;8.872910000000001
256;;2021-12-21 11:04:35.840000;;;;;;;;;;3.74453;3.4763800000000002;8.8777
257;;2021-12-21 11:04:35.880000;;;;;;;;;;3.7397400000000003;3.47159;8.88728
258;;2021-12-21 11:04:35.920000;;;;;;;;;;3.73495;3.47159;8.88728
259;;2021-12-21 11:04:35.960000;;;;;;;;;;3.73495;3.4763800000000002;8.8777
260;True;2021-12-21 11:04:36;51.128834000000005;17.045071;140.0;10.0;16.53011276693153;24.890512138795337;0.0;17.9;29.1;3.74453;3.4763800000000002;8.872910000000001
261;;2021-12-21 11:04:36;;;;;;;;;;3.74453;3.4811699999999997;8.882489999999999
262;;2021-12-21 11:04:36.040000;;;;;;;;;;3.7493199999999995;3.4763800000000002;8.88728
263;;2021-12-21 11:04:36.080000;;;;;;;;;;3.7397400000000003;3.4763800000000002;8.8777
264;;2021-12-21 11:04:36.120000;;;;;;;;;;3.7397400000000003;3.48596;8.8777
265;;2021-12-21 11:04:36.160000;;;;;;;;;;3.73495;3.4811699999999997;8.8777
266;;2021-12-21 11:04:36.200000;;;;;;;;;;3.73495;3.4763800000000002;8.86812
267;;2021-12-21 11:04:36.240000;;;;;;;;;;3.7301699999999998;3.47159;8.8777
268;;2021-12-21 11:04:36.280000;;;;;;;;;;3.7301699999999998;3.4763800000000002;8.872910000000001
269;;2021-12-21 11:04:36.320000;;;;;;;;;;3.7301699999999998;3.4811699999999997;8.882489999999999
270;;2021-12-21 11:04:36.360000;;;;;;;;;;3.7301699999999998;3.4811699999999997;8.8777
271;;2021-12-21 11:04:36.400000;;;;;;;;;;3.7253800000000004;3.4811699999999997;8.8777
272;;2021-12-21 11:04:36.440000;;;;;;;;;;3.7301699999999998;3.4811699999999997;8.89207
273;;2021-12-21 11:04:36.480000;;;;;;;;;;3.7301699999999998;3.4811699999999997;8.89207
274;;2021-12-21 11:04:36.520000;;;;;;;;;;3.73495;3.4811699999999997;8.88728
275;;2021-12-21 11:04:36.560000;;;;;;;;;;3.7301699999999998;3.4811699999999997;8.882489999999999
276;;2021-12-21 11:04:36.600000;;;;;;;;;;3.7301699999999998;3.4763800000000002;8.8777
277;;2021-12-21 11:04:36.640000;;;;;;;;;;3.7301699999999998;3.4811699999999997;8.8777
278;;2021-12-21 11:04:36.680000;;;;;;;;;;3.7301699999999998;3.4811699999999997;8.8777
279;;2021-12-21 11:04:36.720000;;;;;;;;;;3.7301699999999998;3.48596;8.872910000000001
280;;2021-12-21 11:04:36.760000;;;;;;;;;;3.7301699999999998;3.4763800000000002;8.86333
281;;2021-12-21 11:04:36.800000;;;;;;;;;;3.7301699999999998;3.47159;8.85855
282;;2021-12-21 11:04:36.840000;;;;;;;;;;3.7301699999999998;3.4763800000000002;8.85855
283;;2021-12-21 11:04:36.880000;;;;;;;;;;3.7301699999999998;3.4811699999999997;8.85855
284;;2021-12-21 11:04:36.920000;;;;;;;;;;3.7253800000000004;3.48596;8.85855
285;;2021-12-21 11:04:36.960000;;;;;;;;;;3.7301699999999998;3.4763800000000002;8.85855
286;True;2021-12-21 11:04:38;51.128842999999996;17.045068;140.5;10.0;16.539201082471475;26.28245424202165;0.0;17.9;29.0;3.83072;3.5960900000000002;8.84418
287;;2021-12-21 11:04:38;;;;;;;;;;3.81636;3.553;8.8777
288;;2021-12-21 11:04:38.040000;;;;;;;;;;3.74453;3.62961;8.872910000000001
289;;2021-12-21 11:04:38.080000;;;;;;;;;;3.77326;3.52426;8.82503
290;;2021-12-21 11:04:38.120000;;;;;;;;;;3.77326;3.5482099999999996;8.872910000000001
291;;2021-12-21 11:04:38.160000;;;;;;;;;;3.7397400000000003;3.45244;8.94474
292;;2021-12-21 11:04:38.200000;;;;;;;;;;3.7158;3.4955300000000005;8.91122
293;;2021-12-21 11:04:38.240000;;;;;;;;;;3.6200300000000003;3.49075;8.89685
294;;2021-12-21 11:04:38.280000;;;;;;;;;;3.5913;3.4189199999999995;8.90643
295;;2021-12-21 11:04:38.320000;;;;;;;;;;3.5913;3.45244;8.8777
296;;2021-12-21 11:04:38.360000;;;;;;;;;;3.57694;3.3183599999999998;8.93037
297;;2021-12-21 11:04:38.400000;;;;;;;;;;3.54342;3.3518800000000004;8.9591
298;;2021-12-21 11:04:38.440000;;;;;;;;;;3.51948;3.27048;8.901639999999999
299;;2021-12-21 11:04:38.480000;;;;;;;;;;3.5386300000000004;3.2944199999999997;8.89207
300;;2021-12-21 11:04:38.520000;;;;;;;;;;3.5817300000000003;3.23696;8.901639999999999
301;;2021-12-21 11:04:38.560000;;;;;;;;;;3.6439800000000004;3.3279400000000003;8.882489999999999
302;;2021-12-21 11:04:38.600000;;;;;;;;;;3.69665;3.3710400000000003;8.86812
303;;2021-12-21 11:04:38.640000;;;;;;;;;;3.7301699999999998;3.44765;8.84897
304;;2021-12-21 11:04:38.680000;;;;;;;;;;3.81636;3.5482099999999996;8.82024
305;;2021-12-21 11:04:38.720000;;;;;;;;;;3.85945;3.50032;8.82503
306;;2021-12-21 11:04:38.760000;;;;;;;;;;3.88818;3.5960900000000002;8.84418
307;;2021-12-21 11:04:38.800000;;;;;;;;;;3.93128;3.5386300000000004;8.82503
308;;2021-12-21 11:04:38.840000;;;;;;;;;;3.9264900000000003;3.60567;8.82982
309;;2021-12-21 11:04:38.880000;;;;;;;;;;3.9264900000000003;3.61046;8.84418
310;;2021-12-21 11:04:38.920000;;;;;;;;;;3.9264900000000003;3.62961;8.84418
311;;2021-12-21 11:04:38.960000;;;;;;;;;;3.88818;3.63919;8.872910000000001
312;True;2021-12-21 11:04:38;51.128842999999996;17.045068;140.7;10.0;17.458045587053224;27.66574130739121;0.0;17.9;29.0;3.79242;3.55778;8.872910000000001
313;;2021-12-21 11:04:38;;;;;;;;;;3.80199;3.5817300000000003;8.853760000000001
314;;2021-12-21 11:04:38.040000;;;;;;;;;;3.8067800000000003;3.553;8.84418
315;;2021-12-21 11:04:38.080000;;;;;;;;;;3.80199;3.5482099999999996;8.84418
316;;2021-12-21 11:04:38.120000;;;;;;;;;;3.7972;3.52426;8.85855
317;;2021-12-21 11:04:38.160000;;;;;;;;;;3.78284;3.5051099999999997;8.85855
318;;2021-12-21 11:04:38.200000;;;;;;;;;;3.7589;3.48596;8.86333
319;;2021-12-21 11:04:38.240000;;;;;;;;;;3.7397400000000003;3.44765;8.872910000000001
320;;2021-12-21 11:04:38.280000;;;;;;;;;;3.7158;3.44286;8.86812
321;;2021-12-21 11:04:38.320000;;;;;;;;;;3.68707;3.41413;8.8777
322;;2021-12-21 11:04:38.360000;;;;;;;;;;3.67271;3.4189199999999995;8.882489999999999
323;;2021-12-21 11:04:38.400000;;;;;;;;;;3.64876;3.41413;8.89685
324;;2021-12-21 11:04:38.440000;;;;;;;;;;3.63919;3.41413;8.901639999999999
325;;2021-12-21 11:04:38.480000;;;;;;;;;;3.63919;3.41413;8.90643
326;;2021-12-21 11:04:38.520000;;;;;;;;;;3.63919;3.4093400000000003;8.91122
327;;2021-12-21 11:04:38.560000;;;;;;;;;;3.6439800000000004;3.4285;8.91122
328;;2021-12-21 11:04:38.600000;;;;;;;;;;3.66313;3.43329;8.91601
329;;2021-12-21 11:04:38.640000;;;;;;;;;;3.6822800000000004;3.4668;8.90643
330;;2021-12-21 11:04:38.680000;;;;;;;;;;3.7014400000000003;3.4668;8.89207
331;;2021-12-21 11:04:38.720000;;;;;;;;;;3.7301699999999998;3.49075;8.89207
332;;2021-12-21 11:04:38.760000;;;;;;;;;;3.7589;3.51948;8.89207
333;;2021-12-21 11:04:38.800000;;;;;;;;;;3.7876300000000005;3.53384;8.8777
334;;2021-12-21 11:04:38.840000;;;;;;;;;;3.8067800000000003;3.5625699999999996;8.86812
335;;2021-12-21 11:04:38.880000;;;;;;;;;;3.8259300000000005;3.55778;8.86812
336;;2021-12-21 11:04:38.920000;;;;;;;;;;3.83072;3.56736;8.853760000000001
337;;2021-12-21 11:04:38.960000;;;;;;;;;;3.83072;3.54342;8.853760000000001
338;True;2021-12-21 11:04:39;51.128842999999996;17.045068;140.7;9.0;14.709572682393084;26.29152831566238;0.0;17.8;28.9;3.7158;3.4668;8.882489999999999
339;;2021-12-21 11:04:39;;;;;;;;;;3.7158;3.4668;8.89207
340;;2021-12-21 11:04:39.040000;;;;;;;;;;3.72059;3.4668;8.89685
341;;2021-12-21 11:04:39.080000;;;;;;;;;;3.7253800000000004;3.4668;8.882489999999999
342;;2021-12-21 11:04:39.120000;;;;;;;;;;3.7301699999999998;3.46202;8.86812
343;;2021-12-21 11:04:39.160000;;;;;;;;;;3.7253800000000004;3.4668;8.86333
344;;2021-12-21 11:04:39.200000;;;;;;;;;;3.73495;3.4668;8.85855
345;;2021-12-21 11:04:39.240000;;;;;;;;;;3.7397400000000003;3.47159;8.86812
346;;2021-12-21 11:04:39.280000;;;;;;;;;;3.7397400000000003;3.4763800000000002;8.86812
347;;2021-12-21 11:04:39.320000;;;;;;;;;;3.7301699999999998;3.4763800000000002;8.872910000000001
348;;2021-12-21 11:04:39.360000;;;;;;;;;;3.73495;3.4763800000000002;8.8777
349;;2021-12-21 11:04:39.400000;;;;;;;;;;3.73495;3.47159;8.8777
350;;2021-12-21 11:04:39.440000;;;;;;;;;;3.73495;3.4811699999999997;8.8777
351;;2021-12-21 11:04:39.480000;;;;;;;;;;3.73495;3.48596;8.882489999999999
352;;2021-12-21 11:04:39.520000;;;;;;;;;;3.7301699999999998;3.49075;8.88728
353;;2021-12-21 11:04:39.560000;;;;;;;;;;3.7253800000000004;3.49075;8.88728
354;;2021-12-21 11:04:39.600000;;;;;;;;;;3.72059;3.48596;8.882489999999999
355;;2021-12-21 11:04:39.640000;;;;;;;;;;3.72059;3.49075;8.882489999999999
356;;2021-12-21 11:04:39.680000;;;;;;;;;;3.7253800000000004;3.49075;8.882489999999999
357;;2021-12-21 11:04:39.720000;;;;;;;;;;3.72059;3.5051099999999997;8.882489999999999
358;;2021-12-21 11:04:39.760000;;;;;;;;;;3.7253800000000004;3.49075;8.882489999999999
359;;2021-12-21 11:04:39.800000;;;;;;;;;;3.73495;3.4955300000000005;8.8777
360;;2021-12-21 11:04:39.840000;;;;;;;;;;3.7301699999999998;3.4955300000000005;8.882489999999999
361;;2021-12-21 11:04:39.880000;;;;;;;;;;3.7397400000000003;3.4811699999999997;8.8777
362;;2021-12-21 11:04:39.920000;;;;;;;;;;3.7397400000000003;3.49075;8.8777
363;;2021-12-21 11:04:39.960000;;;;;;;;;;3.73495;3.4811699999999997;8.872910000000001
364;True;2021-12-21 11:04:41;51.128836;17.045065;139.7;9.0;14.717615320786752;24.91630174415536;0.0;17.8;28.8;3.7158;3.4811699999999997;8.8777
365;;2021-12-21 11:04:41;;;;;;;;;;3.7158;3.4811699999999997;8.872910000000001
366;;2021-12-21 11:04:41.040000;;;;;;;;;;3.71101;3.4811699999999997;8.8777
367;;2021-12-21 11:04:41.080000;;;;;;;;;;3.7158;3.49075;8.88728
368;;2021-12-21 11:04:41.120000;;;;;;;;;;3.7158;3.48596;8.89207
369;;2021-12-21 11:04:41.160000;;;;;;;;;;3.72059;3.4955300000000005;8.88728
370;;2021-12-21 11:04:41.200000;;;;;;;;;;3.7301699999999998;3.4955300000000005;8.882489999999999
371;;2021-12-21 11:04:41.240000;;;;;;;;;;3.73495;3.49075;8.882489999999999
372;;2021-12-21 11:04:41.280000;;;;;;;;;;3.7397400000000003;3.49075;8.882489999999999
373;;2021-12-21 11:04:41.320000;;;;;;;;;;3.7397400000000003;3.4955300000000005;8.882489999999999
374;;2021-12-21 11:04:41.360000;;;;;;;;;;3.74453;3.50032;8.8777
375;;2021-12-21 11:04:41.400000;;;;;;;;;;3.74453;3.4955300000000005;8.8777
376;;2021-12-21 11:04:41.440000;;;;;;;;;;3.73495;3.49075;8.872910000000001
377;;2021-12-21 11:04:41.480000;;;;;;;;;;3.73495;3.4811699999999997;8.872910000000001
378;;2021-12-21 11:04:41.520000;;;;;;;;;;3.7397400000000003;3.48596;8.872910000000001
379;;2021-12-21 11:04:41.560000;;;;;;;;;;3.7397400000000003;3.4811699999999997;8.8777
380;;2021-12-21 11:04:41.600000;;;;;;;;;;3.7397400000000003;3.48596;8.882489999999999
381;;2021-12-21 11:04:41.640000;;;;;;;;;;3.7301699999999998;3.4811699999999997;8.8777
382;;2021-12-21 11:04:41.680000;;;;;;;;;;3.72059;3.4763800000000002;8.882489999999999
383;;2021-12-21 11:04:41.720000;;;;;;;;;;3.7158;3.47159;8.89207
384;;2021-12-21 11:04:41.760000;;;;;;;;;;3.7062199999999996;3.47159;8.89207
385;;2021-12-21 11:04:41.800000;;;;;;;;;;3.7062199999999996;3.4668;8.882489999999999
386;;2021-12-21 11:04:41.840000;;;;;;;;;;3.7158;3.4668;8.88728
387;;2021-12-21 11:04:41.880000;;;;;;;;;;3.7253800000000004;3.4668;8.882489999999999
388;;2021-12-21 11:04:41.920000;;;;;;;;;;3.7301699999999998;3.4668;8.882489999999999
389;;2021-12-21 11:04:41.960000;;;;;;;;;;3.7253800000000004;3.47159;8.882489999999999
390;True;2021-12-21 11:04:42;51.128838;17.045060999999997;139.9;9.0;13.805287416957688;22.1553613696986;0.0;17.8;28.7;3.74453;3.4811699999999997;8.882489999999999
391;;2021-12-21 11:04:42;;;;;;;;;;3.7397400000000003;3.49075;8.872910000000001
392;;2021-12-21 11:04:42.040000;;;;;;;;;;3.73495;3.48596;8.86333
393;;2021-12-21 11:04:42.080000;;;;;;;;;;3.7301699999999998;3.4811699999999997;8.85855
394;;2021-12-21 11:04:42.120000;;;;;;;;;;3.72059;3.4811699999999997;8.84897
395;;2021-12-21 11:04:42.160000;;;;;;;;;;3.7158;3.4763800000000002;8.84897
396;;2021-12-21 11:04:42.200000;;;;;;;;;;3.72059;3.47159;8.85855
397;;2021-12-21 11:04:42.240000;;;;;;;;;;3.7253800000000004;3.47159;8.86812
398;;2021-12-21 11:04:42.280000;;;;;;;;;;3.7253800000000004;3.47159;8.86333
399;;2021-12-21 11:04:42.320000;;;;;;;;;;3.7253800000000004;3.47159;8.86812
400;;2021-12-21 11:04:42.360000;;;;;;;;;;3.7301699999999998;3.4811699999999997;8.872910000000001
401;;2021-12-21 11:04:42.400000;;;;;;;;;;3.72059;3.4811699999999997;8.8777
402;;2021-12-21 11:04:42.440000;;;;;;;;;;3.7253800000000004;3.4763800000000002;8.882489999999999
403;;2021-12-21 11:04:42.480000;;;;;;;;;;3.73495;3.4811699999999997;8.86812
404;;2021-12-21 11:04:42.520000;;;;;;;;;;3.73495;3.4811699999999997;8.85855
405;;2021-12-21 11:04:42.560000;;;;;;;;;;3.73495;3.4763800000000002;8.8777
406;;2021-12-21 11:04:42.600000;;;;;;;;;;3.7301699999999998;3.4811699999999997;8.882489999999999
407;;2021-12-21 11:04:42.640000;;;;;;;;;;3.7253800000000004;3.48596;8.8777
408;;2021-12-21 11:04:42.680000;;;;;;;;;;3.7301699999999998;3.48596;8.872910000000001
409;;2021-12-21 11:04:42.720000;;;;;;;;;;3.73495;3.4763800000000002;8.86812
410;;2021-12-21 11:04:42.760000;;;;;;;;;;3.7301699999999998;3.4811699999999997;8.8777
411;;2021-12-21 11:04:42.800000;;;;;;;;;;3.7253800000000004;3.4763800000000002;8.8777
412;;2021-12-21 11:04:42.840000;;;;;;;;;;3.7253800000000004;3.4763800000000002;8.86812
413;;2021-12-21 11:04:42.880000;;;;;;;;;;3.7301699999999998;3.4763800000000002;8.872910000000001
414;;2021-12-21 11:04:42.920000;;;;;;;;;;3.7301699999999998;3.4811699999999997;8.86812
415;;2021-12-21 11:04:42.960000;;;;;;;;;;3.7253800000000004;3.4763800000000002;8.872910000000001
416;True;2021-12-21 11:04:43;51.128839;17.045051;138.6;9.0;13.812793478660835;22.162847282865865;0.0;17.8;28.6;3.73495;3.4811699999999997;8.85855
417;;2021-12-21 11:04:43;;;;;;;;;;3.7397400000000003;3.48596;8.86333
418;;2021-12-21 11:04:43.040000;;;;;;;;;;3.7397400000000003;3.48596;8.872910000000001
419;;2021-12-21 11:04:43.080000;;;;;;;;;;3.74453;3.48596;8.8777
420;;2021-12-21 11:04:43.120000;;;;;;;;;;3.7397400000000003;3.4811699999999997;8.8777
421;;2021-12-21 11:04:43.160000;;;;;;;;;;3.7397400000000003;3.4811699999999997;8.8777
422;;2021-12-21 11:04:43.200000;;;;;;;;;;3.73495;3.47159;8.88728
423;;2021-12-21 11:04:43.240000;;;;;;;;;;3.7301699999999998;3.4763800000000002;8.882489999999999
424;;2021-12-21 11:04:43.280000;;;;;;;;;;3.7301699999999998;3.47159;8.8777
425;;2021-12-21 11:04:43.320000;;;;;;;;;;3.7253800000000004;3.4763800000000002;8.86812
426;;2021-12-21 11:04:43.360000;;;;;;;;;;3.7253800000000004;3.4763800000000002;8.872910000000001
427;;2021-12-21 11:04:43.400000;;;;;;;;;;3.72059;3.47159;8.88728
428;;2021-12-21 11:04:43.440000;;;;;;;;;;3.7301699999999998;3.4763800000000002;8.89207
429;;2021-12-21 11:04:43.480000;;;;;;;;;;3.7158;3.4763800000000002;8.882489999999999
430;;2021-12-21 11:04:43.520000;;;;;;;;;;3.7158;3.4811699999999997;8.8777
431;;2021-12-21 11:04:43.560000;;;;;;;;;;3.72059;3.48596;8.882489999999999
432;;2021-12-21 11:04:43.600000;;;;;;;;;;3.72059;3.49075;8.882489999999999
433;;2021-12-21 11:04:43.640000;;;;;;;;;;3.72059;3.4763800000000002;8.882489999999999
434;;2021-12-21 11:04:43.680000;;;;;;;;;;3.72059;3.47159;8.8777
435;;2021-12-21 11:04:43.720000;;;;;;;;;;3.7253800000000004;3.4763800000000002;8.86812
436;;2021-12-21 11:04:43.760000;;;;;;;;;;3.7301699999999998;3.4811699999999997;8.872910000000001
437;;2021-12-21 11:04:43.800000;;;;;;;;;;3.73495;3.49075;8.882489999999999
438;;2021-12-21 11:04:43.840000;;;;;;;;;;3.7301699999999998;3.48596;8.88728
439;;2021-12-21 11:04:43.880000;;;;;;;;;;3.7397400000000003;3.48596;8.88728
440;;2021-12-21 11:04:43.920000;;;;;;;;;;3.7397400000000003;3.48596;8.8777
441;;2021-12-21 11:04:43.960000;;;;;;;;;;3.74453;3.48596;8.872910000000001
442;True;2021-12-21 11:04:44;51.128842;17.045047;137.9;9.0;13.812793478660835;22.162847282865865;0.0;17.8;28.6;3.7253800000000004;3.47159;8.8777
443;;2021-12-21 11:04:44;;;;;;;;;;3.7301699999999998;3.47159;8.872910000000001
444;;2021-12-21 11:04:44.040000;;;;;;;;;;3.73495;3.4763800000000002;8.8777
445;;2021-12-21 11:04:44.080000;;;;;;;;;;3.7301699999999998;3.4763800000000002;8.872910000000001
446;;2021-12-21 11:04:44.120000;;;;;;;;;;3.72059;3.4811699999999997;8.86812
447;;2021-12-21 11:04:44.160000;;;;;;;;;;3.7253800000000004;3.4811699999999997;8.86333
448;;2021-12-21 11:04:44.200000;;;;;;;;;;3.7301699999999998;3.4763800000000002;8.86333
449;;2021-12-21 11:04:44.240000;;;;;;;;;;3.7253800000000004;3.4763800000000002;8.872910000000001
450;;2021-12-21 11:04:44.280000;;;;;;;;;;3.72059;3.4811699999999997;8.882489999999999
451;;2021-12-21 11:04:44.320000;;;;;;;;;;3.7301699999999998;3.48596;8.882489999999999
452;;2021-12-21 11:04:44.360000;;;;;;;;;;3.73495;3.48596;8.8777
453;;2021-12-21 11:04:44.400000;;;;;;;;;;3.7301699999999998;3.48596;8.882489999999999
454;;2021-12-21 11:04:44.440000;;;;;;;;;;3.7253800000000004;3.48596;8.88728
455;;2021-12-21 11:04:44.480000;;;;;;;;;;3.73495;3.4955300000000005;8.882489999999999
456;;2021-12-21 11:04:44.520000;;;;;;;;;;3.73495;3.49075;8.882489999999999
457;;2021-12-21 11:04:44.560000;;;;;;;;;;3.7301699999999998;3.49075;8.882489999999999
458;;2021-12-21 11:04:44.600000;;;;;;;;;;3.7301699999999998;3.48596;8.8777
459;;2021-12-21 11:04:44.640000;;;;;;;;;;3.7253800000000004;3.48596;8.882489999999999
460;;2021-12-21 11:04:44.680000;;;;;;;;;;3.73495;3.49075;8.882489999999999
461;;2021-12-21 11:04:44.720000;;;;;;;;;;3.73495;3.4811699999999997;8.882489999999999
462;;2021-12-21 11:04:44.760000;;;;;;;;;;3.7253800000000004;3.4763800000000002;8.882489999999999
463;;2021-12-21 11:04:44.800000;;;;;;;;;;3.7253800000000004;3.4763800000000002;8.88728
464;;2021-12-21 11:04:44.840000;;;;;;;;;;3.7253800000000004;3.4763800000000002;8.88728
465;;2021-12-21 11:04:44.880000;;;;;;;;;;3.72059;3.4811699999999997;8.882489999999999
466;;2021-12-21 11:04:44.920000;;;;;;;;;;3.72059;3.4763800000000002;8.882489999999999
467;;2021-12-21 11:04:44.960000;;;;;;;;;;3.7158;3.4811699999999997;8.872910000000001
468;True;2021-12-21 11:04:45;51.128842;17.045049;137.6;8.0;13.820282476113015;22.170281633653993;0.0;17.8;28.5;3.7253800000000004;3.4811699999999997;8.8777
469;;2021-12-21 11:04:45;;;;;;;;;;3.73495;3.4811699999999997;8.8777
470;;2021-12-21 11:04:45.040000;;;;;;;;;;3.73495;3.4811699999999997;8.89207
471;;2021-12-21 11:04:45.080000;;;;;;;;;;3.7301699999999998;3.4811699999999997;8.89207
472;;2021-12-21 11:04:45.120000;;;;;;;;;;3.7301699999999998;3.4763800000000002;8.882489999999999
473;;2021-12-21 11:04:45.160000;;;;;;;;;;3.73495;3.4763800000000002;8.882489999999999
474;;2021-12-21 11:04:45.200000;;;;;;;;;;3.7301699999999998;3.47159;8.8777
475;;2021-12-21 11:04:45.240000;;;;;;;;;;3.7301699999999998;3.4763800000000002;8.88728
476;;2021-12-21 11:04:45.280000;;;;;;;;;;3.72059;3.48596;8.882489999999999
477;;2021-12-21 11:04:45.320000;;;;;;;;;;3.7253800000000004;3.4811699999999997;8.8777
478;;2021-12-21 11:04:45.360000;;;;;;;;;;3.72059;3.4811699999999997;8.8777
